20095
20259
20537
20535
20459
20457
20359
20357
20355
20354
20257
20097
20255
20253
20251
20249
20149
20148
20146
20144
20099
20539
21365
21684
21702
21706
21385
21641
21279
21279
21769
21380
21271
21388
21521
21730
21357
21397
21698
21406
21357
21483
21493
21643
21785
21227
21386
21521
21354
21640
21368
21438
21698
21382
21524
21514
21244
21481
21709
21614
21039
21514
21782
21781
21368
21368
21483
21521
21717
21407
21255
21739
21423
21279
21255
21706
21709
21379
21272
21444
21493
21409
21710
21039
21727
21376
21039
21514
21717
21729
21521
21493
21376
21441
21502
21784
21509
21493
21493
21493
21712
21720
21720
21376
21514
21483
21514
21646
21075
21129
21109
21107
21079
21077
21039
21073
21037
21035
21033
21031
21029
21147
22926
22949
22941
22885
22145
22946
22946
22941
22946
22946
22927
22956
22419
22459
22457
22455
22453
22391
22417
22415
22397
22395
22393
22525
22523
22587
22527
22529
22547
22549
22559
22339
22589
22605
22607
22609
22761
22763
22765
22767
22769
22359
22399
22337
22119
22041
22043
22045
22335
22049
22081
22083
22085
22087
22089
22111
22113
22115
22117
22047
22143
22299
22309
22307
22305
22303
22145
22301
22297
22179
22177
22175
22159
22149
22147
22929
22929
22941
22946
22955
22941
22929
22958
22929
22929
22959
22952
22851
22850
22848
22846
22844
22961
22113
22929
22869
22929
22962
22145
22964
25560
25917
25842
25572
25560
25853
25885
25885
25767
25938
25821
25335
25486
25840
25482
25767
25860
25548
25927
25715
25569
25704
25563
25842
25791
25719
25355
25850
25573
25554
25524
25557
25557
25779
25575
25584
25355
25485
25715
25348
25853
25364
25596
25335
25560
25850
25852
25821
25938
25725
25557
25376
25494
25899
25923
25926
25364
25821
25597
25524
25821
25712
25576
25554
25821
25541
25712
25355
25767
25712
25712
25719
25474
25761
25761
25572
25593
25899
25554
25776
25786
25788
25709
25715
25582
25878
25853
25938
25578
25794
25821
25821
25572
25715
25721
25845
25479
25474
25373
25923